(kicad_pcb (version 20171130) (host pcbnew 5.0.2-bee76a0~70~ubuntu18.10.1)

  (general
    (thickness 1.6)
    (drawings 27)
    (tracks 334)
    (zones 0)
    (modules 46)
    (nets 32)
  )

  (page A4)
  (layers
    (0 F.Cu signal)
    (31 B.Cu signal)
    (32 B.Adhes user)
    (33 F.Adhes user)
    (34 B.Paste user)
    (35 F.Paste user)
    (36 B.SilkS user)
    (37 F.SilkS user)
    (38 B.Mask user)
    (39 F.Mask user)
    (40 Dwgs.User user)
    (41 Cmts.User user)
    (42 Eco1.User user)
    (43 Eco2.User user)
    (44 Edge.Cuts user)
    (45 Margin user)
    (46 B.CrtYd user)
    (47 F.CrtYd user)
    (48 B.Fab user)
    (49 F.Fab user)
  )

  (setup
    (last_trace_width 0.25)
    (user_trace_width 0.5)
    (user_trace_width 2)
    (trace_clearance 0.2)
    (zone_clearance 0.508)
    (zone_45_only no)
    (trace_min 0.2)
    (segment_width 0.2)
    (edge_width 0.2)
    (via_size 0.8)
    (via_drill 0.4)
    (via_min_size 0.4)
    (via_min_drill 0.3)
    (uvia_size 0.3)
    (uvia_drill 0.1)
    (uvias_allowed no)
    (uvia_min_size 0.2)
    (uvia_min_drill 0.1)
    (pcb_text_width 0.3)
    (pcb_text_size 1.5 1.5)
    (mod_edge_width 0.15)
    (mod_text_size 1 1)
    (mod_text_width 0.15)
    (pad_size 2.5 2.5)
    (pad_drill 1.5)
    (pad_to_mask_clearance 0.051)
    (solder_mask_min_width 0.25)
    (aux_axis_origin 0 0)
    (visible_elements FFFFFF7F)
    (pcbplotparams
      (layerselection 0x030fc_ffffffff)
      (usegerberextensions true)
      (usegerberattributes false)
      (usegerberadvancedattributes false)
      (creategerberjobfile false)
      (excludeedgelayer true)
      (linewidth 0.100000)
      (plotframeref false)
      (viasonmask false)
      (mode 1)
      (useauxorigin false)
      (hpglpennumber 1)
      (hpglpenspeed 20)
      (hpglpendiameter 15.000000)
      (psnegative false)
      (psa4output false)
      (plotreference true)
      (plotvalue true)
      (plotinvisibletext false)
      (padsonsilk false)
      (subtractmaskfromsilk false)
      (outputformat 1)
      (mirror false)
      (drillshape 0)
      (scaleselection 1)
      (outputdirectory "./"))
  )

  (net 0 "")
  (net 1 GND)
  (net 2 "Net-(C1-Pad1)")
  (net 3 +5V)
  (net 4 "Net-(C5-Pad2)")
  (net 5 "Net-(C6-Pad2)")
  (net 6 "Net-(D1-Pad2)")
  (net 7 RELAIS-OUT)
  (net 8 AC-SENSE)
  (net 9 +12V)
  (net 10 "Net-(J4-Pad2)")
  (net 11 MISO)
  (net 12 SCK)
  (net 13 MOSI)
  (net 14 RESET)
  (net 15 SDAOUT)
  (net 16 SCLOUT)
  (net 17 D6)
  (net 18 D5)
  (net 19 USB-SENSE)
  (net 20 "Net-(J12-Pad2)")
  (net 21 "Net-(J12-Pad3)")
  (net 22 RELAIS)
  (net 23 WS2812B)
  (net 24 "Net-(R10-Pad2)")
  (net 25 SCL)
  (net 26 D2)
  (net 27 SDA)
  (net 28 RELAIS-DATA)
  (net 29 "Net-(J6-Pad5)")
  (net 30 RX)
  (net 31 TX)

  (net_class Default "This is the default net class."
    (clearance 0.2)
    (trace_width 0.25)
    (via_dia 0.8)
    (via_drill 0.4)
    (uvia_dia 0.3)
    (uvia_drill 0.1)
    (add_net +12V)
    (add_net +5V)
    (add_net AC-SENSE)
    (add_net D2)
    (add_net D5)
    (add_net D6)
    (add_net GND)
    (add_net MISO)
    (add_net MOSI)
    (add_net "Net-(C1-Pad1)")
    (add_net "Net-(C5-Pad2)")
    (add_net "Net-(C6-Pad2)")
    (add_net "Net-(D1-Pad2)")
    (add_net "Net-(J12-Pad2)")
    (add_net "Net-(J12-Pad3)")
    (add_net "Net-(J4-Pad2)")
    (add_net "Net-(J6-Pad5)")
    (add_net "Net-(R10-Pad2)")
    (add_net RELAIS)
    (add_net RELAIS-DATA)
    (add_net RELAIS-OUT)
    (add_net RESET)
    (add_net RX)
    (add_net SCK)
    (add_net SCL)
    (add_net SCLOUT)
    (add_net SDA)
    (add_net SDAOUT)
    (add_net TX)
    (add_net USB-SENSE)
    (add_net WS2812B)
  )

  (net_class 12V ""
    (clearance 0.2)
    (trace_width 2)
    (via_dia 0.8)
    (via_drill 0.4)
    (uvia_dia 0.3)
    (uvia_drill 0.1)
  )

  (net_class 5V ""
    (clearance 0.2)
    (trace_width 0.5)
    (via_dia 0.8)
    (via_drill 0.4)
    (uvia_dia 0.3)
    (uvia_drill 0.1)
  )

  (module Connector_PinHeader_2.54mm:PinHeader_2x03_P2.54mm_Vertical_SMD (layer F.Cu) (tedit 59FED5CC) (tstamp 5C20F417)
    (at 78.74 54.61 270)
    (descr "surface-mounted straight pin header, 2x03, 2.54mm pitch, double rows")
    (tags "Surface mounted pin header SMD 2x03 2.54mm double row")
    (path /5BDAFBD0)
    (attr smd)
    (fp_text reference J5 (at 0 -4.87 270) (layer F.SilkS)
      (effects (font (size 1 1) (thickness 0.15)))
    )
    (fp_text value Conn_ICSP (at -5.08 -5.08 270) (layer F.Fab)
      (effects (font (size 1 1) (thickness 0.15)))
    )
    (fp_text user %R (at 0 0) (layer F.Fab)
      (effects (font (size 1 1) (thickness 0.15)))
    )
    (fp_line (start 5.9 -4.35) (end -5.9 -4.35) (layer F.CrtYd) (width 0.05))
    (fp_line (start 5.9 4.35) (end 5.9 -4.35) (layer F.CrtYd) (width 0.05))
    (fp_line (start -5.9 4.35) (end 5.9 4.35) (layer F.CrtYd) (width 0.05))
    (fp_line (start -5.9 -4.35) (end -5.9 4.35) (layer F.CrtYd) (width 0.05))
    (fp_line (start 2.6 0.76) (end 2.6 1.78) (layer F.SilkS) (width 0.12))
    (fp_line (start -2.6 0.76) (end -2.6 1.78) (layer F.SilkS) (width 0.12))
    (fp_line (start 2.6 -1.78) (end 2.6 -0.76) (layer F.SilkS) (width 0.12))
    (fp_line (start -2.6 -1.78) (end -2.6 -0.76) (layer F.SilkS) (width 0.12))
    (fp_line (start 2.6 3.3) (end 2.6 3.87) (layer F.SilkS) (width 0.12))
    (fp_line (start -2.6 3.3) (end -2.6 3.87) (layer F.SilkS) (width 0.12))
    (fp_line (start 2.6 -3.87) (end 2.6 -3.3) (layer F.SilkS) (width 0.12))
    (fp_line (start -2.6 -3.87) (end -2.6 -3.3) (layer F.SilkS) (width 0.12))
    (fp_line (start -4.04 -3.3) (end -2.6 -3.3) (layer F.SilkS) (width 0.12))
    (fp_line (start -2.6 3.87) (end 2.6 3.87) (layer F.SilkS) (width 0.12))
    (fp_line (start -2.6 -3.87) (end 2.6 -3.87) (layer F.SilkS) (width 0.12))
    (fp_line (start 3.6 2.86) (end 2.54 2.86) (layer F.Fab) (width 0.1))
    (fp_line (start 3.6 2.22) (end 3.6 2.86) (layer F.Fab) (width 0.1))
    (fp_line (start 2.54 2.22) (end 3.6 2.22) (layer F.Fab) (width 0.1))
    (fp_line (start -3.6 2.86) (end -2.54 2.86) (layer F.Fab) (width 0.1))
    (fp_line (start -3.6 2.22) (end -3.6 2.86) (layer F.Fab) (width 0.1))
    (fp_line (start -2.54 2.22) (end -3.6 2.22) (layer F.Fab) (width 0.1))
    (fp_line (start 3.6 0.32) (end 2.54 0.32) (layer F.Fab) (width 0.1))
    (fp_line (start 3.6 -0.32) (end 3.6 0.32) (layer F.Fab) (width 0.1))
    (fp_line (start 2.54 -0.32) (end 3.6 -0.32) (layer F.Fab) (width 0.1))
    (fp_line (start -3.6 0.32) (end -2.54 0.32) (layer F.Fab) (width 0.1))
    (fp_line (start -3.6 -0.32) (end -3.6 0.32) (layer F.Fab) (width 0.1))
    (fp_line (start -2.54 -0.32) (end -3.6 -0.32) (layer F.Fab) (width 0.1))
    (fp_line (start 3.6 -2.22) (end 2.54 -2.22) (layer F.Fab) (width 0.1))
    (fp_line (start 3.6 -2.86) (end 3.6 -2.22) (layer F.Fab) (width 0.1))
    (fp_line (start 2.54 -2.86) (end 3.6 -2.86) (layer F.Fab) (width 0.1))
    (fp_line (start -3.6 -2.22) (end -2.54 -2.22) (layer F.Fab) (width 0.1))
    (fp_line (start -3.6 -2.86) (end -3.6 -2.22) (layer F.Fab) (width 0.1))
    (fp_line (start -2.54 -2.86) (end -3.6 -2.86) (layer F.Fab) (width 0.1))
    (fp_line (start 2.54 -3.81) (end 2.54 3.81) (layer F.Fab) (width 0.1))
    (fp_line (start -2.54 -2.86) (end -1.59 -3.81) (layer F.Fab) (width 0.1))
    (fp_line (start -2.54 3.81) (end -2.54 -2.86) (layer F.Fab) (width 0.1))
    (fp_line (start -1.59 -3.81) (end 2.54 -3.81) (layer F.Fab) (width 0.1))
    (fp_line (start 2.54 3.81) (end -2.54 3.81) (layer F.Fab) (width 0.1))
    (pad 6 smd rect (at 2.525 2.54 270) (size 3.15 1) (layers F.Cu F.Paste F.Mask)
      (net 1 GND))
    (pad 5 smd rect (at -2.525 2.54 270) (size 3.15 1) (layers F.Cu F.Paste F.Mask)
      (net 14 RESET))
    (pad 4 smd rect (at 2.525 0 270) (size 3.15 1) (layers F.Cu F.Paste F.Mask)
      (net 13 MOSI))
    (pad 3 smd rect (at -2.525 0 270) (size 3.15 1) (layers F.Cu F.Paste F.Mask)
      (net 12 SCK))
    (pad 2 smd rect (at 2.525 -2.54 270) (size 3.15 1) (layers F.Cu F.Paste F.Mask)
      (net 3 +5V))
    (pad 1 smd rect (at -2.525 -2.54 270) (size 3.15 1) (layers F.Cu F.Paste F.Mask)
      (net 11 MISO))
    (model ${KISYS3DMOD}/Connector_PinHeader_2.54mm.3dshapes/PinHeader_2x03_P2.54mm_Vertical_SMD.wrl
      (at (xyz 0 0 0))
      (scale (xyz 1 1 1))
      (rotate (xyz 0 0 0))
    )
  )

  (module Wuerth_USB_A:Wurth_USB_A_62900416021 (layer F.Cu) (tedit 5C339A2F) (tstamp 5C4B3811)
    (at 88.9 38.1)
    (path /5BD9FAFF)
    (fp_text reference J12 (at -11.43 -3.77) (layer F.SilkS)
      (effects (font (size 1 1) (thickness 0.15)))
    )
    (fp_text value USB_A (at 7.62 -5.08) (layer F.Fab)
      (effects (font (size 1 1) (thickness 0.15)))
    )
    (fp_line (start -1.7 -5) (end 13.65 -5) (layer F.SilkS) (width 0.15))
    (fp_line (start 13.65 -5) (end 13.65 12.25) (layer F.SilkS) (width 0.15))
    (fp_line (start -1.7 12.25) (end 13.65 12.25) (layer F.SilkS) (width 0.15))
    (fp_line (start -1.7 -5) (end -1.7 12.25) (layer F.SilkS) (width 0.15))
    (pad 1 smd rect (at 0 7) (size 3.2 1.2) (layers F.Cu F.Paste F.Mask)
      (net 19 USB-SENSE))
    (pad 2 smd rect (at 0 4.5) (size 3.2 1.2) (layers F.Cu F.Paste F.Mask)
      (net 20 "Net-(J12-Pad2)"))
    (pad 3 smd rect (at 0 2.5) (size 3.2 1.2) (layers F.Cu F.Paste F.Mask)
      (net 21 "Net-(J12-Pad3)"))
    (pad 4 smd rect (at 0 0) (size 3.2 1.2) (layers F.Cu F.Paste F.Mask)
      (net 1 GND))
    (pad 5 thru_hole circle (at 3.67 -3.07) (size 3 3) (drill 2.3) (layers *.Cu *.Mask)
      (net 1 GND))
    (pad 5 thru_hole circle (at 3.67 10.07) (size 3 3) (drill 2.3) (layers *.Cu *.Mask)
      (net 1 GND))
  )

  (module Capacitor_SMD:C_0603_1608Metric (layer F.Cu) (tedit 5B301BBE) (tstamp 5C7F6162)
    (at 46.5075 40.64 180)
    (descr "Capacitor SMD 0603 (1608 Metric), square (rectangular) end terminal, IPC_7351 nominal, (Body size source: http://www.tortai-tech.com/upload/download/2011102023233369053.pdf), generated with kicad-footprint-generator")
    (tags capacitor)
    (path /5BDB2899)
    (attr smd)
    (fp_text reference C4 (at 0 1.27 180) (layer F.SilkS)
      (effects (font (size 1 1) (thickness 0.15)))
    )
    (fp_text value 100nF (at 0 1.43 180) (layer F.Fab)
      (effects (font (size 1 1) (thickness 0.15)))
    )
    (fp_text user %R (at 0 0 180) (layer F.Fab)
      (effects (font (size 0.4 0.4) (thickness 0.06)))
    )
    (fp_line (start 1.48 0.73) (end -1.48 0.73) (layer F.CrtYd) (width 0.05))
    (fp_line (start 1.48 -0.73) (end 1.48 0.73) (layer F.CrtYd) (width 0.05))
    (fp_line (start -1.48 -0.73) (end 1.48 -0.73) (layer F.CrtYd) (width 0.05))
    (fp_line (start -1.48 0.73) (end -1.48 -0.73) (layer F.CrtYd) (width 0.05))
    (fp_line (start -0.162779 0.51) (end 0.162779 0.51) (layer F.SilkS) (width 0.12))
    (fp_line (start -0.162779 -0.51) (end 0.162779 -0.51) (layer F.SilkS) (width 0.12))
    (fp_line (start 0.8 0.4) (end -0.8 0.4) (layer F.Fab) (width 0.1))
    (fp_line (start 0.8 -0.4) (end 0.8 0.4) (layer F.Fab) (width 0.1))
    (fp_line (start -0.8 -0.4) (end 0.8 -0.4) (layer F.Fab) (width 0.1))
    (fp_line (start -0.8 0.4) (end -0.8 -0.4) (layer F.Fab) (width 0.1))
    (pad 2 smd roundrect (at 0.7875 0 180) (size 0.875 0.95) (layers F.Cu F.Paste F.Mask) (roundrect_rratio 0.25)
      (net 1 GND))
    (pad 1 smd roundrect (at -0.7875 0 180) (size 0.875 0.95) (layers F.Cu F.Paste F.Mask) (roundrect_rratio 0.25)
      (net 3 +5V))
    (model ${KISYS3DMOD}/Capacitor_SMD.3dshapes/C_0603_1608Metric.wrl
      (at (xyz 0 0 0))
      (scale (xyz 1 1 1))
      (rotate (xyz 0 0 0))
    )
  )

  (module MountingHole:MountingHole_3.2mm_M3_ISO7380 (layer F.Cu) (tedit 5C1676EB) (tstamp 5C7F43DA)
    (at 95.25 72.39)
    (descr "Mounting Hole 3.2mm, no annular, M3, ISO7380")
    (tags "mounting hole 3.2mm no annular m3 iso7380")
    (attr virtual)
    (fp_text reference REF** (at 0 -3.85) (layer F.SilkS) hide
      (effects (font (size 1 1) (thickness 0.15)))
    )
    (fp_text value MountingHole_3.2mm_M3_ISO7380 (at 0 3.85) (layer F.Fab) hide
      (effects (font (size 1 1) (thickness 0.15)))
    )
    (fp_circle (center 0 0) (end 3.1 0) (layer F.CrtYd) (width 0.05))
    (fp_circle (center 0 0) (end 2.85 0) (layer Cmts.User) (width 0.15))
    (fp_text user %R (at 0.3 0) (layer F.Fab)
      (effects (font (size 1 1) (thickness 0.15)))
    )
    (pad 1 np_thru_hole circle (at 0 0) (size 3.2 3.2) (drill 3.2) (layers *.Cu *.Mask))
  )

  (module MountingHole:MountingHole_3.2mm_M3_ISO7380 (layer F.Cu) (tedit 5C1676EB) (tstamp 5C7F43EF)
    (at 95.25 20.32)
    (descr "Mounting Hole 3.2mm, no annular, M3, ISO7380")
    (tags "mounting hole 3.2mm no annular m3 iso7380")
    (attr virtual)
    (fp_text reference REF** (at 0 -3.85) (layer F.SilkS) hide
      (effects (font (size 1 1) (thickness 0.15)))
    )
    (fp_text value MountingHole_3.2mm_M3_ISO7380 (at 0 3.85) (layer F.Fab) hide
      (effects (font (size 1 1) (thickness 0.15)))
    )
    (fp_text user %R (at 0.3 0) (layer F.Fab)
      (effects (font (size 1 1) (thickness 0.15)))
    )
    (fp_circle (center 0 0) (end 2.85 0) (layer Cmts.User) (width 0.15))
    (fp_circle (center 0 0) (end 3.1 0) (layer F.CrtYd) (width 0.05))
    (pad 1 np_thru_hole circle (at 0 0) (size 3.2 3.2) (drill 3.2) (layers *.Cu *.Mask))
  )

  (module MountingHole:MountingHole_3.2mm_M3_ISO7380 (layer F.Cu) (tedit 5C1676EB) (tstamp 5C22D806)
    (at 35.56 72.39)
    (descr "Mounting Hole 3.2mm, no annular, M3, ISO7380")
    (tags "mounting hole 3.2mm no annular m3 iso7380")
    (attr virtual)
    (fp_text reference REF** (at 0 -3.85) (layer F.SilkS) hide
      (effects (font (size 1 1) (thickness 0.15)))
    )
    (fp_text value MountingHole_3.2mm_M3_ISO7380 (at 0 3.85) (layer F.Fab) hide
      (effects (font (size 1 1) (thickness 0.15)))
    )
    (fp_text user %R (at 0.3 0) (layer F.Fab)
      (effects (font (size 1 1) (thickness 0.15)))
    )
    (fp_circle (center 0 0) (end 2.85 0) (layer Cmts.User) (width 0.15))
    (fp_circle (center 0 0) (end 3.1 0) (layer F.CrtYd) (width 0.05))
    (pad 1 np_thru_hole circle (at 0 0) (size 3.2 3.2) (drill 3.2) (layers *.Cu *.Mask))
  )

  (module Capacitor_SMD:C_0603_1608Metric (layer F.Cu) (tedit 5B301BBE) (tstamp 5C211378)
    (at 76.2 36.83 180)
    (descr "Capacitor SMD 0603 (1608 Metric), square (rectangular) end terminal, IPC_7351 nominal, (Body size source: http://www.tortai-tech.com/upload/download/2011102023233369053.pdf), generated with kicad-footprint-generator")
    (tags capacitor)
    (path /5BF934F0)
    (attr smd)
    (fp_text reference C1 (at -2.54 0 180) (layer F.SilkS)
      (effects (font (size 1 1) (thickness 0.15)))
    )
    (fp_text value 100µ (at 3.81 0 180) (layer F.Fab)
      (effects (font (size 1 1) (thickness 0.15)))
    )
    (fp_line (start -0.8 0.4) (end -0.8 -0.4) (layer F.Fab) (width 0.1))
    (fp_line (start -0.8 -0.4) (end 0.8 -0.4) (layer F.Fab) (width 0.1))
    (fp_line (start 0.8 -0.4) (end 0.8 0.4) (layer F.Fab) (width 0.1))
    (fp_line (start 0.8 0.4) (end -0.8 0.4) (layer F.Fab) (width 0.1))
    (fp_line (start -0.162779 -0.51) (end 0.162779 -0.51) (layer F.SilkS) (width 0.12))
    (fp_line (start -0.162779 0.51) (end 0.162779 0.51) (layer F.SilkS) (width 0.12))
    (fp_line (start -1.48 0.73) (end -1.48 -0.73) (layer F.CrtYd) (width 0.05))
    (fp_line (start -1.48 -0.73) (end 1.48 -0.73) (layer F.CrtYd) (width 0.05))
    (fp_line (start 1.48 -0.73) (end 1.48 0.73) (layer F.CrtYd) (width 0.05))
    (fp_line (start 1.48 0.73) (end -1.48 0.73) (layer F.CrtYd) (width 0.05))
    (fp_text user %R (at 0 0 180) (layer F.Fab)
      (effects (font (size 0.4 0.4) (thickness 0.06)))
    )
    (pad 1 smd roundrect (at -0.7875 0 180) (size 0.875 0.95) (layers F.Cu F.Paste F.Mask) (roundrect_rratio 0.25)
      (net 2 "Net-(C1-Pad1)"))
    (pad 2 smd roundrect (at 0.7875 0 180) (size 0.875 0.95) (layers F.Cu F.Paste F.Mask) (roundrect_rratio 0.25)
      (net 1 GND))
    (model ${KISYS3DMOD}/Capacitor_SMD.3dshapes/C_0603_1608Metric.wrl
      (at (xyz 0 0 0))
      (scale (xyz 1 1 1))
      (rotate (xyz 0 0 0))
    )
  )

  (module Capacitor_SMD:C_0603_1608Metric (layer F.Cu) (tedit 5B301BBE) (tstamp 5C20A67F)
    (at 66.04 27.94 180)
    (descr "Capacitor SMD 0603 (1608 Metric), square (rectangular) end terminal, IPC_7351 nominal, (Body size source: http://www.tortai-tech.com/upload/download/2011102023233369053.pdf), generated with kicad-footprint-generator")
    (tags capacitor)
    (path /5C03C410)
    (attr smd)
    (fp_text reference C2 (at 0 -1.27 180) (layer F.SilkS)
      (effects (font (size 1 1) (thickness 0.15)))
    )
    (fp_text value 100nF (at -3.81 0 180) (layer F.Fab)
      (effects (font (size 1 1) (thickness 0.15)))
    )
    (fp_line (start -0.8 0.4) (end -0.8 -0.4) (layer F.Fab) (width 0.1))
    (fp_line (start -0.8 -0.4) (end 0.8 -0.4) (layer F.Fab) (width 0.1))
    (fp_line (start 0.8 -0.4) (end 0.8 0.4) (layer F.Fab) (width 0.1))
    (fp_line (start 0.8 0.4) (end -0.8 0.4) (layer F.Fab) (width 0.1))
    (fp_line (start -0.162779 -0.51) (end 0.162779 -0.51) (layer F.SilkS) (width 0.12))
    (fp_line (start -0.162779 0.51) (end 0.162779 0.51) (layer F.SilkS) (width 0.12))
    (fp_line (start -1.48 0.73) (end -1.48 -0.73) (layer F.CrtYd) (width 0.05))
    (fp_line (start -1.48 -0.73) (end 1.48 -0.73) (layer F.CrtYd) (width 0.05))
    (fp_line (start 1.48 -0.73) (end 1.48 0.73) (layer F.CrtYd) (width 0.05))
    (fp_line (start 1.48 0.73) (end -1.48 0.73) (layer F.CrtYd) (width 0.05))
    (fp_text user %R (at 0 0 180) (layer F.Fab)
      (effects (font (size 0.4 0.4) (thickness 0.06)))
    )
    (pad 1 smd roundrect (at -0.7875 0 180) (size 0.875 0.95) (layers F.Cu F.Paste F.Mask) (roundrect_rratio 0.25)
      (net 3 +5V))
    (pad 2 smd roundrect (at 0.7875 0 180) (size 0.875 0.95) (layers F.Cu F.Paste F.Mask) (roundrect_rratio 0.25)
      (net 1 GND))
    (model ${KISYS3DMOD}/Capacitor_SMD.3dshapes/C_0603_1608Metric.wrl
      (at (xyz 0 0 0))
      (scale (xyz 1 1 1))
      (rotate (xyz 0 0 0))
    )
  )

  (module Capacitor_SMD:C_0603_1608Metric (layer F.Cu) (tedit 5C7EDB91) (tstamp 5C20A68F)
    (at 76.2 29.21 180)
    (descr "Capacitor SMD 0603 (1608 Metric), square (rectangular) end terminal, IPC_7351 nominal, (Body size source: http://www.tortai-tech.com/upload/download/2011102023233369053.pdf), generated with kicad-footprint-generator")
    (tags capacitor)
    (path /5BFE81FA)
    (attr smd)
    (fp_text reference C3 (at -2.54 0 180) (layer F.SilkS)
      (effects (font (size 1 1) (thickness 0.15)))
    )
    (fp_text value 100nF (at 3.81 0 180) (layer F.Fab)
      (effects (font (size 1 1) (thickness 0.15)))
    )
    (fp_text user %R (at 0 0 180) (layer F.Fab)
      (effects (font (size 0.4 0.4) (thickness 0.06)))
    )
    (fp_line (start 1.48 0.73) (end -1.48 0.73) (layer F.CrtYd) (width 0.05))
    (fp_line (start 1.48 -0.73) (end 1.48 0.73) (layer F.CrtYd) (width 0.05))
    (fp_line (start -1.48 -0.73) (end 1.48 -0.73) (layer F.CrtYd) (width 0.05))
    (fp_line (start -1.48 0.73) (end -1.48 -0.73) (layer F.CrtYd) (width 0.05))
    (fp_line (start -0.162779 0.51) (end 0.162779 0.51) (layer F.SilkS) (width 0.12))
    (fp_line (start -0.162779 -0.51) (end 0.162779 -0.51) (layer F.SilkS) (width 0.12))
    (fp_line (start 0.8 0.4) (end -0.8 0.4) (layer F.Fab) (width 0.1))
    (fp_line (start 0.8 -0.4) (end 0.8 0.4) (layer F.Fab) (width 0.1))
    (fp_line (start -0.8 -0.4) (end 0.8 -0.4) (layer F.Fab) (width 0.1))
    (fp_line (start -0.8 0.4) (end -0.8 -0.4) (layer F.Fab) (width 0.1))
    (pad 2 smd roundrect (at 0.7875 0 180) (size 0.875 0.95) (layers F.Cu F.Paste F.Mask) (roundrect_rratio 0.25)
      (net 1 GND))
    (pad 1 smd roundrect (at -0.7875 0 180) (size 0.875 0.95) (layers F.Cu F.Paste F.Mask) (roundrect_rratio 0.25)
      (net 3 +5V))
    (model ${KISYS3DMOD}/Capacitor_SMD.3dshapes/C_0603_1608Metric.wrl
      (at (xyz 0 0 0))
      (scale (xyz 1 1 1))
      (rotate (xyz 0 0 0))
    )
  )

  (module Capacitor_SMD:C_0603_1608Metric (layer F.Cu) (tedit 5B301BBE) (tstamp 5C20A6AF)
    (at 45.72 48.26)
    (descr "Capacitor SMD 0603 (1608 Metric), square (rectangular) end terminal, IPC_7351 nominal, (Body size source: http://www.tortai-tech.com/upload/download/2011102023233369053.pdf), generated with kicad-footprint-generator")
    (tags capacitor)
    (path /5BDB1250)
    (attr smd)
    (fp_text reference C5 (at -2.54 0) (layer F.SilkS)
      (effects (font (size 1 1) (thickness 0.15)))
    )
    (fp_text value 22pF (at 1.27 1.27 180) (layer F.Fab)
      (effects (font (size 1 1) (thickness 0.15)))
    )
    (fp_line (start -0.8 0.4) (end -0.8 -0.4) (layer F.Fab) (width 0.1))
    (fp_line (start -0.8 -0.4) (end 0.8 -0.4) (layer F.Fab) (width 0.1))
    (fp_line (start 0.8 -0.4) (end 0.8 0.4) (layer F.Fab) (width 0.1))
    (fp_line (start 0.8 0.4) (end -0.8 0.4) (layer F.Fab) (width 0.1))
    (fp_line (start -0.162779 -0.51) (end 0.162779 -0.51) (layer F.SilkS) (width 0.12))
    (fp_line (start -0.162779 0.51) (end 0.162779 0.51) (layer F.SilkS) (width 0.12))
    (fp_line (start -1.48 0.73) (end -1.48 -0.73) (layer F.CrtYd) (width 0.05))
    (fp_line (start -1.48 -0.73) (end 1.48 -0.73) (layer F.CrtYd) (width 0.05))
    (fp_line (start 1.48 -0.73) (end 1.48 0.73) (layer F.CrtYd) (width 0.05))
    (fp_line (start 1.48 0.73) (end -1.48 0.73) (layer F.CrtYd) (width 0.05))
    (fp_text user %R (at 0 0) (layer F.Fab)
      (effects (font (size 0.4 0.4) (thickness 0.06)))
    )
    (pad 1 smd roundrect (at -0.7875 0) (size 0.875 0.95) (layers F.Cu F.Paste F.Mask) (roundrect_rratio 0.25)
      (net 1 GND))
    (pad 2 smd roundrect (at 0.7875 0) (size 0.875 0.95) (layers F.Cu F.Paste F.Mask) (roundrect_rratio 0.25)
      (net 4 "Net-(C5-Pad2)"))
    (model ${KISYS3DMOD}/Capacitor_SMD.3dshapes/C_0603_1608Metric.wrl
      (at (xyz 0 0 0))
      (scale (xyz 1 1 1))
      (rotate (xyz 0 0 0))
    )
  )

  (module Capacitor_SMD:C_0603_1608Metric (layer F.Cu) (tedit 5B301BBE) (tstamp 5C20A6BF)
    (at 45.72 50.8)
    (descr "Capacitor SMD 0603 (1608 Metric), square (rectangular) end terminal, IPC_7351 nominal, (Body size source: http://www.tortai-tech.com/upload/download/2011102023233369053.pdf), generated with kicad-footprint-generator")
    (tags capacitor)
    (path /5BDB132E)
    (attr smd)
    (fp_text reference C6 (at -2.54 0) (layer F.SilkS)
      (effects (font (size 1 1) (thickness 0.15)))
    )
    (fp_text value 22pF (at 1.27 1.27 -180) (layer F.Fab)
      (effects (font (size 1 1) (thickness 0.15)))
    )
    (fp_text user %R (at 0 0) (layer F.Fab)
      (effects (font (size 0.4 0.4) (thickness 0.06)))
    )
    (fp_line (start 1.48 0.73) (end -1.48 0.73) (layer F.CrtYd) (width 0.05))
    (fp_line (start 1.48 -0.73) (end 1.48 0.73) (layer F.CrtYd) (width 0.05))
    (fp_line (start -1.48 -0.73) (end 1.48 -0.73) (layer F.CrtYd) (width 0.05))
    (fp_line (start -1.48 0.73) (end -1.48 -0.73) (layer F.CrtYd) (width 0.05))
    (fp_line (start -0.162779 0.51) (end 0.162779 0.51) (layer F.SilkS) (width 0.12))
    (fp_line (start -0.162779 -0.51) (end 0.162779 -0.51) (layer F.SilkS) (width 0.12))
    (fp_line (start 0.8 0.4) (end -0.8 0.4) (layer F.Fab) (width 0.1))
    (fp_line (start 0.8 -0.4) (end 0.8 0.4) (layer F.Fab) (width 0.1))
    (fp_line (start -0.8 -0.4) (end 0.8 -0.4) (layer F.Fab) (width 0.1))
    (fp_line (start -0.8 0.4) (end -0.8 -0.4) (layer F.Fab) (width 0.1))
    (pad 2 smd roundrect (at 0.7875 0) (size 0.875 0.95) (layers F.Cu F.Paste F.Mask) (roundrect_rratio 0.25)
      (net 5 "Net-(C6-Pad2)"))
    (pad 1 smd roundrect (at -0.7875 0) (size 0.875 0.95) (layers F.Cu F.Paste F.Mask) (roundrect_rratio 0.25)
      (net 1 GND))
    (model ${KISYS3DMOD}/Capacitor_SMD.3dshapes/C_0603_1608Metric.wrl
      (at (xyz 0 0 0))
      (scale (xyz 1 1 1))
      (rotate (xyz 0 0 0))
    )
  )

  (module Capacitor_SMD:C_0603_1608Metric (layer F.Cu) (tedit 5B301BBE) (tstamp 5C20A6CF)
    (at 76.2 46.736)
    (descr "Capacitor SMD 0603 (1608 Metric), square (rectangular) end terminal, IPC_7351 nominal, (Body size source: http://www.tortai-tech.com/upload/download/2011102023233369053.pdf), generated with kicad-footprint-generator")
    (tags capacitor)
    (path /5BDB2606)
    (attr smd)
    (fp_text reference C7 (at -2.54 -1.016) (layer F.SilkS)
      (effects (font (size 1 1) (thickness 0.15)))
    )
    (fp_text value 100nF (at 3.556 0) (layer F.Fab)
      (effects (font (size 1 1) (thickness 0.15)))
    )
    (fp_line (start -0.8 0.4) (end -0.8 -0.4) (layer F.Fab) (width 0.1))
    (fp_line (start -0.8 -0.4) (end 0.8 -0.4) (layer F.Fab) (width 0.1))
    (fp_line (start 0.8 -0.4) (end 0.8 0.4) (layer F.Fab) (width 0.1))
    (fp_line (start 0.8 0.4) (end -0.8 0.4) (layer F.Fab) (width 0.1))
    (fp_line (start -0.162779 -0.51) (end 0.162779 -0.51) (layer F.SilkS) (width 0.12))
    (fp_line (start -0.162779 0.51) (end 0.162779 0.51) (layer F.SilkS) (width 0.12))
    (fp_line (start -1.48 0.73) (end -1.48 -0.73) (layer F.CrtYd) (width 0.05))
    (fp_line (start -1.48 -0.73) (end 1.48 -0.73) (layer F.CrtYd) (width 0.05))
    (fp_line (start 1.48 -0.73) (end 1.48 0.73) (layer F.CrtYd) (width 0.05))
    (fp_line (start 1.48 0.73) (end -1.48 0.73) (layer F.CrtYd) (width 0.05))
    (fp_text user %R (at 0 0) (layer F.Fab)
      (effects (font (size 0.4 0.4) (thickness 0.06)))
    )
    (pad 1 smd roundrect (at -0.7875 0) (size 0.875 0.95) (layers F.Cu F.Paste F.Mask) (roundrect_rratio 0.25)
      (net 3 +5V))
    (pad 2 smd roundrect (at 0.7875 0) (size 0.875 0.95) (layers F.Cu F.Paste F.Mask) (roundrect_rratio 0.25)
      (net 1 GND))
    (model ${KISYS3DMOD}/Capacitor_SMD.3dshapes/C_0603_1608Metric.wrl
      (at (xyz 0 0 0))
      (scale (xyz 1 1 1))
      (rotate (xyz 0 0 0))
    )
  )

  (module Capacitor_SMD:C_0603_1608Metric (layer F.Cu) (tedit 5B301BBE) (tstamp 5C20A6DF)
    (at 56.6675 60.96 180)
    (descr "Capacitor SMD 0603 (1608 Metric), square (rectangular) end terminal, IPC_7351 nominal, (Body size source: http://www.tortai-tech.com/upload/download/2011102023233369053.pdf), generated with kicad-footprint-generator")
    (tags capacitor)
    (path /5BDC0BE4)
    (attr smd)
    (fp_text reference C8 (at 0.7875 2.54) (layer F.SilkS)
      (effects (font (size 1 1) (thickness 0.15)))
    )
    (fp_text value 100nF (at -4.2925 0) (layer F.Fab)
      (effects (font (size 1 1) (thickness 0.15)))
    )
    (fp_text user %R (at 0 0 180) (layer F.Fab)
      (effects (font (size 0.4 0.4) (thickness 0.06)))
    )
    (fp_line (start 1.48 0.73) (end -1.48 0.73) (layer F.CrtYd) (width 0.05))
    (fp_line (start 1.48 -0.73) (end 1.48 0.73) (layer F.CrtYd) (width 0.05))
    (fp_line (start -1.48 -0.73) (end 1.48 -0.73) (layer F.CrtYd) (width 0.05))
    (fp_line (start -1.48 0.73) (end -1.48 -0.73) (layer F.CrtYd) (width 0.05))
    (fp_line (start -0.162779 0.51) (end 0.162779 0.51) (layer F.SilkS) (width 0.12))
    (fp_line (start -0.162779 -0.51) (end 0.162779 -0.51) (layer F.SilkS) (width 0.12))
    (fp_line (start 0.8 0.4) (end -0.8 0.4) (layer F.Fab) (width 0.1))
    (fp_line (start 0.8 -0.4) (end 0.8 0.4) (layer F.Fab) (width 0.1))
    (fp_line (start -0.8 -0.4) (end 0.8 -0.4) (layer F.Fab) (width 0.1))
    (fp_line (start -0.8 0.4) (end -0.8 -0.4) (layer F.Fab) (width 0.1))
    (pad 2 smd roundrect (at 0.7875 0 180) (size 0.875 0.95) (layers F.Cu F.Paste F.Mask) (roundrect_rratio 0.25)
      (net 1 GND))
    (pad 1 smd roundrect (at -0.7875 0 180) (size 0.875 0.95) (layers F.Cu F.Paste F.Mask) (roundrect_rratio 0.25)
      (net 3 +5V))
    (model ${KISYS3DMOD}/Capacitor_SMD.3dshapes/C_0603_1608Metric.wrl
      (at (xyz 0 0 0))
      (scale (xyz 1 1 1))
      (rotate (xyz 0 0 0))
    )
  )

  (module LED_SMD:LED_0603_1608Metric (layer F.Cu) (tedit 5B301BBE) (tstamp 5C20A6EF)
    (at 49.53 35.052 180)
    (descr "LED SMD 0603 (1608 Metric), square (rectangular) end terminal, IPC_7351 nominal, (Body size source: http://www.tortai-tech.com/upload/download/2011102023233369053.pdf), generated with kicad-footprint-generator")
    (tags diode)
    (path /5BE181C9)
    (attr smd)
    (fp_text reference D1 (at 2.54 0 180) (layer F.SilkS)
      (effects (font (size 1 1) (thickness 0.15)))
    )
    (fp_text value LED (at -3.81 0 180) (layer F.Fab)
      (effects (font (size 1 1) (thickness 0.15)))
    )
    (fp_line (start 0.8 -0.4) (end -0.5 -0.4) (layer F.Fab) (width 0.1))
    (fp_line (start -0.5 -0.4) (end -0.8 -0.1) (layer F.Fab) (width 0.1))
    (fp_line (start -0.8 -0.1) (end -0.8 0.4) (layer F.Fab) (width 0.1))
    (fp_line (start -0.8 0.4) (end 0.8 0.4) (layer F.Fab) (width 0.1))
    (fp_line (start 0.8 0.4) (end 0.8 -0.4) (layer F.Fab) (width 0.1))
    (fp_line (start 0.8 -0.735) (end -1.485 -0.735) (layer F.SilkS) (width 0.12))
    (fp_line (start -1.485 -0.735) (end -1.485 0.735) (layer F.SilkS) (width 0.12))
    (fp_line (start -1.485 0.735) (end 0.8 0.735) (layer F.SilkS) (width 0.12))
    (fp_line (start -1.48 0.73) (end -1.48 -0.73) (layer F.CrtYd) (width 0.05))
    (fp_line (start -1.48 -0.73) (end 1.48 -0.73) (layer F.CrtYd) (width 0.05))
    (fp_line (start 1.48 -0.73) (end 1.48 0.73) (layer F.CrtYd) (width 0.05))
    (fp_line (start 1.48 0.73) (end -1.48 0.73) (layer F.CrtYd) (width 0.05))
    (fp_text user %R (at 0 0 180) (layer F.Fab)
      (effects (font (size 0.4 0.4) (thickness 0.06)))
    )
    (pad 1 smd roundrect (at -0.7875 0 180) (size 0.875 0.95) (layers F.Cu F.Paste F.Mask) (roundrect_rratio 0.25)
      (net 1 GND))
    (pad 2 smd roundrect (at 0.7875 0 180) (size 0.875 0.95) (layers F.Cu F.Paste F.Mask) (roundrect_rratio 0.25)
      (net 6 "Net-(D1-Pad2)"))
    (model ${KISYS3DMOD}/LED_SMD.3dshapes/LED_0603_1608Metric.wrl
      (at (xyz 0 0 0))
      (scale (xyz 1 1 1))
      (rotate (xyz 0 0 0))
    )
  )

  (module Diode_SMD:D_SMA (layer F.Cu) (tedit 586432E5) (tstamp 5C20A701)
    (at 57.658 70.104 90)
    (descr "Diode SMA (DO-214AC)")
    (tags "Diode SMA (DO-214AC)")
    (path /5C32DCEC)
    (attr smd)
    (fp_text reference D2 (at 4.064 -1.778 -180) (layer F.SilkS)
      (effects (font (size 1 1) (thickness 0.15)))
    )
    (fp_text value NRVA4007T3G (at 0 2.6 90) (layer F.Fab)
      (effects (font (size 1 1) (thickness 0.15)))
    )
    (fp_text user %R (at 0 -2.5 90) (layer F.Fab)
      (effects (font (size 1 1) (thickness 0.15)))
    )
    (fp_line (start -3.4 -1.65) (end -3.4 1.65) (layer F.SilkS) (width 0.12))
    (fp_line (start 2.3 1.5) (end -2.3 1.5) (layer F.Fab) (width 0.1))
    (fp_line (start -2.3 1.5) (end -2.3 -1.5) (layer F.Fab) (width 0.1))
    (fp_line (start 2.3 -1.5) (end 2.3 1.5) (layer F.Fab) (width 0.1))
    (fp_line (start 2.3 -1.5) (end -2.3 -1.5) (layer F.Fab) (width 0.1))
    (fp_line (start -3.5 -1.75) (end 3.5 -1.75) (layer F.CrtYd) (width 0.05))
    (fp_line (start 3.5 -1.75) (end 3.5 1.75) (layer F.CrtYd) (width 0.05))
    (fp_line (start 3.5 1.75) (end -3.5 1.75) (layer F.CrtYd) (width 0.05))
    (fp_line (start -3.5 1.75) (end -3.5 -1.75) (layer F.CrtYd) (width 0.05))
    (fp_line (start -0.64944 0.00102) (end -1.55114 0.00102) (layer F.Fab) (width 0.1))
    (fp_line (start 0.50118 0.00102) (end 1.4994 0.00102) (layer F.Fab) (width 0.1))
    (fp_line (start -0.64944 -0.79908) (end -0.64944 0.80112) (layer F.Fab) (width 0.1))
    (fp_line (start 0.50118 0.75032) (end 0.50118 -0.79908) (layer F.Fab) (width 0.1))
    (fp_line (start -0.64944 0.00102) (end 0.50118 0.75032) (layer F.Fab) (width 0.1))
    (fp_line (start -0.64944 0.00102) (end 0.50118 -0.79908) (layer F.Fab) (width 0.1))
    (fp_line (start -3.4 1.65) (end 2 1.65) (layer F.SilkS) (width 0.12))
    (fp_line (start -3.4 -1.65) (end 2 -1.65) (layer F.SilkS) (width 0.12))
    (pad 1 smd rect (at -2 0 90) (size 2.5 1.8) (layers F.Cu F.Paste F.Mask)
      (net 7 RELAIS-OUT))
    (pad 2 smd rect (at 2 0 90) (size 2.5 1.8) (layers F.Cu F.Paste F.Mask)
      (net 1 GND))
    (model ${KISYS3DMOD}/Diode_SMD.3dshapes/D_SMA.wrl
      (at (xyz 0 0 0))
      (scale (xyz 1 1 1))
      (rotate (xyz 0 0 0))
    )
  )

  (module TerminalBlock_TE-Connectivity:TerminalBlock_TE_282834-3_1x03_P2.54mm_Horizontal (layer F.Cu) (tedit 5B1EC513) (tstamp 5C2103CF)
    (at 85.09 29.718 90)
    (descr "Terminal Block TE 282834-3, 3 pins, pitch 2.54mm, size 8.08x6.5mm^2, drill diamater 1.1mm, pad diameter 2.1mm, see http://www.te.com/commerce/DocumentDelivery/DDEController?Action=showdoc&DocId=Customer+Drawing%7F282834%7FC1%7Fpdf%7FEnglish%7FENG_CD_282834_C1.pdf, script-generated using https://github.com/pointhi/kicad-footprint-generator/scripts/TerminalBlock_TE-Connectivity")
    (tags "THT Terminal Block TE 282834-3 pitch 2.54mm size 8.08x6.5mm^2 drill 1.1mm pad 2.1mm")
    (path /5BD9F9DD)
    (fp_text reference J1 (at -3.302 -2.54 -180) (layer F.SilkS)
      (effects (font (size 1 1) (thickness 0.15)))
    )
    (fp_text value SENSOR (at 2.54 4.37 90) (layer F.Fab)
      (effects (font (size 1 1) (thickness 0.15)))
    )
    (fp_text user %R (at 2.54 2 90) (layer F.Fab)
      (effects (font (size 1 1) (thickness 0.15)))
    )
    (fp_line (start 7.08 -3.75) (end -2 -3.75) (layer F.CrtYd) (width 0.05))
    (fp_line (start 7.08 3.75) (end 7.08 -3.75) (layer F.CrtYd) (width 0.05))
    (fp_line (start -2 3.75) (end 7.08 3.75) (layer F.CrtYd) (width 0.05))
    (fp_line (start -2 -3.75) (end -2 3.75) (layer F.CrtYd) (width 0.05))
    (fp_line (start -1.86 3.61) (end -1.46 3.61) (layer F.SilkS) (width 0.12))
    (fp_line (start -1.86 2.97) (end -1.86 3.61) (layer F.SilkS) (width 0.12))
    (fp_line (start 5.781 -0.835) (end 4.246 0.7) (layer F.Fab) (width 0.1))
    (fp_line (start 5.915 -0.7) (end 4.38 0.835) (layer F.Fab) (width 0.1))
    (fp_line (start 3.241 -0.835) (end 1.706 0.7) (layer F.Fab) (width 0.1))
    (fp_line (start 3.375 -0.7) (end 1.84 0.835) (layer F.Fab) (width 0.1))
    (fp_line (start 0.701 -0.835) (end -0.835 0.7) (layer F.Fab) (width 0.1))
    (fp_line (start 0.835 -0.7) (end -0.701 0.835) (layer F.Fab) (width 0.1))
    (fp_line (start 6.7 -3.37) (end 6.7 3.37) (layer F.SilkS) (width 0.12))
    (fp_line (start -1.62 -3.37) (end -1.62 3.37) (layer F.SilkS) (width 0.12))
    (fp_line (start -1.62 3.37) (end 6.7 3.37) (layer F.SilkS) (width 0.12))
    (fp_line (start -1.62 -3.37) (end 6.7 -3.37) (layer F.SilkS) (width 0.12))
    (fp_line (start -1.62 -2.25) (end 6.7 -2.25) (layer F.SilkS) (width 0.12))
    (fp_line (start -1.5 -2.25) (end 6.58 -2.25) (layer F.Fab) (width 0.1))
    (fp_line (start -1.62 2.85) (end 6.7 2.85) (layer F.SilkS) (width 0.12))
    (fp_line (start -1.5 2.85) (end 6.58 2.85) (layer F.Fab) (width 0.1))
    (fp_line (start -1.5 2.85) (end -1.5 -3.25) (layer F.Fab) (width 0.1))
    (fp_line (start -1.1 3.25) (end -1.5 2.85) (layer F.Fab) (width 0.1))
    (fp_line (start 6.58 3.25) (end -1.1 3.25) (layer F.Fab) (width 0.1))
    (fp_line (start 6.58 -3.25) (end 6.58 3.25) (layer F.Fab) (width 0.1))
    (fp_line (start -1.5 -3.25) (end 6.58 -3.25) (layer F.Fab) (width 0.1))
    (fp_circle (center 5.08 0) (end 6.18 0) (layer F.Fab) (width 0.1))
    (fp_circle (center 2.54 0) (end 3.64 0) (layer F.Fab) (width 0.1))
    (fp_circle (center 0 0) (end 1.1 0) (layer F.Fab) (width 0.1))
    (pad 3 thru_hole circle (at 5.08 0 90) (size 2.1 2.1) (drill 1.1) (layers *.Cu *.Mask)
      (net 2 "Net-(C1-Pad1)"))
    (pad 2 thru_hole circle (at 2.54 0 90) (size 2.1 2.1) (drill 1.1) (layers *.Cu *.Mask))
    (pad 1 thru_hole rect (at 0 0 90) (size 2.1 2.1) (drill 1.1) (layers *.Cu *.Mask)
      (net 8 AC-SENSE))
    (model ${KISYS3DMOD}/TerminalBlock_TE-Connectivity.3dshapes/TerminalBlock_TE_282834-3_1x03_P2.54mm_Horizontal.wrl
      (at (xyz 0 0 0))
      (scale (xyz 1 1 1))
      (rotate (xyz 0 0 0))
    )
  )

  (module TerminalBlock_TE-Connectivity:TerminalBlock_TE_282834-3_1x03_P2.54mm_Horizontal (layer F.Cu) (tedit 5B1EC513) (tstamp 5C20A73B)
    (at 60.96 22.352 180)
    (descr "Terminal Block TE 282834-3, 3 pins, pitch 2.54mm, size 8.08x6.5mm^2, drill diamater 1.1mm, pad diameter 2.1mm, see http://www.te.com/commerce/DocumentDelivery/DDEController?Action=showdoc&DocId=Customer+Drawing%7F282834%7FC1%7Fpdf%7FEnglish%7FENG_CD_282834_C1.pdf, script-generated using https://github.com/pointhi/kicad-footprint-generator/scripts/TerminalBlock_TE-Connectivity")
    (tags "THT Terminal Block TE 282834-3 pitch 2.54mm size 8.08x6.5mm^2 drill 1.1mm pad 2.1mm")
    (path /5BD9C07D)
    (fp_text reference J2 (at 2.54 -4.37 180) (layer F.SilkS)
      (effects (font (size 1 1) (thickness 0.15)))
    )
    (fp_text value "PWR IN" (at 2.54 4.37 180) (layer F.Fab)
      (effects (font (size 1 1) (thickness 0.15)))
    )
    (fp_circle (center 0 0) (end 1.1 0) (layer F.Fab) (width 0.1))
    (fp_circle (center 2.54 0) (end 3.64 0) (layer F.Fab) (width 0.1))
    (fp_circle (center 5.08 0) (end 6.18 0) (layer F.Fab) (width 0.1))
    (fp_line (start -1.5 -3.25) (end 6.58 -3.25) (layer F.Fab) (width 0.1))
    (fp_line (start 6.58 -3.25) (end 6.58 3.25) (layer F.Fab) (width 0.1))
    (fp_line (start 6.58 3.25) (end -1.1 3.25) (layer F.Fab) (width 0.1))
    (fp_line (start -1.1 3.25) (end -1.5 2.85) (layer F.Fab) (width 0.1))
    (fp_line (start -1.5 2.85) (end -1.5 -3.25) (layer F.Fab) (width 0.1))
    (fp_line (start -1.5 2.85) (end 6.58 2.85) (layer F.Fab) (width 0.1))
    (fp_line (start -1.62 2.85) (end 6.7 2.85) (layer F.SilkS) (width 0.12))
    (fp_line (start -1.5 -2.25) (end 6.58 -2.25) (layer F.Fab) (width 0.1))
    (fp_line (start -1.62 -2.25) (end 6.7 -2.25) (layer F.SilkS) (width 0.12))
    (fp_line (start -1.62 -3.37) (end 6.7 -3.37) (layer F.SilkS) (width 0.12))
    (fp_line (start -1.62 3.37) (end 6.7 3.37) (layer F.SilkS) (width 0.12))
    (fp_line (start -1.62 -3.37) (end -1.62 3.37) (layer F.SilkS) (width 0.12))
    (fp_line (start 6.7 -3.37) (end 6.7 3.37) (layer F.SilkS) (width 0.12))
    (fp_line (start 0.835 -0.7) (end -0.701 0.835) (layer F.Fab) (width 0.1))
    (fp_line (start 0.701 -0.835) (end -0.835 0.7) (layer F.Fab) (width 0.1))
    (fp_line (start 3.375 -0.7) (end 1.84 0.835) (layer F.Fab) (width 0.1))
    (fp_line (start 3.241 -0.835) (end 1.706 0.7) (layer F.Fab) (width 0.1))
    (fp_line (start 5.915 -0.7) (end 4.38 0.835) (layer F.Fab) (width 0.1))
    (fp_line (start 5.781 -0.835) (end 4.246 0.7) (layer F.Fab) (width 0.1))
    (fp_line (start -1.86 2.97) (end -1.86 3.61) (layer F.SilkS) (width 0.12))
    (fp_line (start -1.86 3.61) (end -1.46 3.61) (layer F.SilkS) (width 0.12))
    (fp_line (start -2 -3.75) (end -2 3.75) (layer F.CrtYd) (width 0.05))
    (fp_line (start -2 3.75) (end 7.08 3.75) (layer F.CrtYd) (width 0.05))
    (fp_line (start 7.08 3.75) (end 7.08 -3.75) (layer F.CrtYd) (width 0.05))
    (fp_line (start 7.08 -3.75) (end -2 -3.75) (layer F.CrtYd) (width 0.05))
    (fp_text user %R (at 2.54 2 180) (layer F.Fab)
      (effects (font (size 1 1) (thickness 0.15)))
    )
    (pad 1 thru_hole rect (at 0 0 180) (size 2.1 2.1) (drill 1.1) (layers *.Cu *.Mask)
      (net 9 +12V))
    (pad 2 thru_hole circle (at 2.54 0 180) (size 2.1 2.1) (drill 1.1) (layers *.Cu *.Mask))
    (pad 3 thru_hole circle (at 5.08 0 180) (size 2.1 2.1) (drill 1.1) (layers *.Cu *.Mask)
      (net 1 GND))
    (model ${KISYS3DMOD}/TerminalBlock_TE-Connectivity.3dshapes/TerminalBlock_TE_282834-3_1x03_P2.54mm_Horizontal.wrl
      (at (xyz 0 0 0))
      (scale (xyz 1 1 1))
      (rotate (xyz 0 0 0))
    )
  )

  (module TerminalBlock_TE-Connectivity:TerminalBlock_TE_282834-3_1x03_P2.54mm_Horizontal (layer F.Cu) (tedit 5B1EC513) (tstamp 5C20A75E)
    (at 47.498 22.352 180)
    (descr "Terminal Block TE 282834-3, 3 pins, pitch 2.54mm, size 8.08x6.5mm^2, drill diamater 1.1mm, pad diameter 2.1mm, see http://www.te.com/commerce/DocumentDelivery/DDEController?Action=showdoc&DocId=Customer+Drawing%7F282834%7FC1%7Fpdf%7FEnglish%7FENG_CD_282834_C1.pdf, script-generated using https://github.com/pointhi/kicad-footprint-generator/scripts/TerminalBlock_TE-Connectivity")
    (tags "THT Terminal Block TE 282834-3 pitch 2.54mm size 8.08x6.5mm^2 drill 1.1mm pad 2.1mm")
    (path /5BD9F8E6)
